"","DNA_dreid_irrigated_rep1_R1","DNA_dreid_irrigated_rep2_R1","DNA_dreid_irrigated_rep3_R1","DNA_dreid_irrigated_rep4_R1","DNA_dried_rainfed_rep1_R1","DNA_dried_rainfed_rep2_R1","DNA_dried_rainfed_rep3_R1","DNA_dried_rainfed_rep4_R1","DNA_fresh_irrigated_rep1_R1","DNA_fresh_irrigated_rep2_R1","DNA_fresh_irrigated_rep3_R1","DNA_fresh_irrigated_rep4_R1","DNA_fresh_rainfed_rep1_R1","DNA_fresh_rainfed_rep2_R1","DNA_fresh_rainfed_rep3_R1","DNA_fresh_rainfed_rep4_R1","DNA_incubated_irrigated_rep1_R1","DNA_incubated_irrigated_rep2_R1","DNA_incubated_irrigated_rep3_R1","DNA_incubated_irrigated_rep4_R1","DNA_incubated_rainfed_rep1_R1","DNA_incubated_rainfed_rep2_R1","DNA_incubated_rainfed_rep3_R1","DNA_incubated_rainfed_rep4_R1","DNA_reincubated_irrigated_rep1_R1","DNA_reincubated_irrigated_rep2_R1","DNA_reincubated_irrigated_rep3_R1","DNA_reincubated_irrigated_rep4_R1","DNA_reincubated_rainfed_rep1_R1","DNA_reincubated_rainfed_rep2_R1","DNA_reincubated_rainfed_rep3_R1","DNA_reincubated_rainfed_rep4_R1","RNA_dreid_irrigated_rep1_R1","RNA_dreid_irrigated_rep2_R1","RNA_dreid_irrigated_rep3_R1","RNA_dreid_irrigated_rep4_R1","RNA_dried_rainfed_rep1_R1","RNA_dried_rainfed_rep2_R1","RNA_dried_rainfed_rep3_R1","RNA_dried_rainfed_rep4_R1","RNA_fresh_irrigated_rep4_R1","RNA_fresh_rainfed_rep1_R1","RNA_fresh_rainfed_rep2_R1","RNA_fresh_rainfed_rep4_R1","RNA_incubated_irrigated_rep1_R1","RNA_incubated_irrigated_rep2_R1","RNA_incubated_irrigated_rep3_R1","RNA_incubated_irrigated_rep4_R1","RNA_incubated_rainfed_rep2_R1","RNA_reincubated_irrigated_rep1_R1","RNA_reincubated_irrigated_rep2_R1","RNA_reincubated_irrigated_rep3_R1","RNA_reincubated_irrigated_rep4_R1","RNA_reincubated_rainfed_rep1_R1","RNA_reincubated_rainfed_rep2_R1","RNA_reincubated_rainfed_rep3_R1","RNA_reincubated_rainfed_rep4_R1"
"DNA_dreid_irrigated_rep1_R1",0,0.252501006447388,0.252030383368915,0.249351376199615,0.163367182463802,0.135446715452244,0.128925338726227,0.174813249663691,0.219047043501431,0.273525179924122,0.277792760105335,0.270609074520304,0.247165261107342,0.226087356964746,0.229186667688184,0.268545374773266,0.179796978293076,0.261459922422114,0.252115969859627,0.221711078930642,0.213724699582859,0.18033291379007,0.199450790942118,0.232791762896685,0.299136671423528,0.358277426416415,0.360075005067185,0.355325866090328,0.318704757728895,0.284769565082923,0.3037868435127,0.341542535851966,0.237357022298636,0.342373871602824,0.362424833752456,0.358754766157924,0.288508006853848,0.296432708563059,0.258497235836471,0.291481575747833,0.406689365660397,0.373011837978042,0.392990970132263,0.40012225064795,0.307595565162113,0.31650620632369,0.352962683077321,0.372174654533064,0.327516863682096,0.346201979422842,0.409890868127167,0.422875478837821,0.426661193275921,0.413402865813923,0.399714497970178,0.392082964790178,0.404566643875081
"DNA_dreid_irrigated_rep2_R1",0.252501006447388,0,0.100098119853497,0.0880449548809746,0.210273058496812,0.2237523120927,0.178177307832,0.15378434422334,0.296542060649463,0.253095495822653,0.265205910328706,0.260534426178408,0.262418788956995,0.273576714385669,0.279198591155458,0.27069071906983,0.299291944499271,0.233403024118146,0.245813385933344,0.238742848150147,0.254995941069248,0.257340344556557,0.28377026404759,0.244499748307313,0.276048770070508,0.250204046672997,0.270079661912812,0.238852455279642,0.229230402672772,0.23450937685066,0.224005441034533,0.254239510422486,0.250079782983032,0.230339179551109,0.259183446258516,0.286184544762746,0.271262471170176,0.290248954229225,0.24132272068415,0.25953583796158,0.372299450038428,0.352563865334321,0.377626899947724,0.373606245288809,0.330111978698425,0.27064987596985,0.34265017301689,0.366575910404601,0.333172635302159,0.296264120932566,0.276762403354855,0.312998493454481,0.324554252547446,0.341063468112979,0.332430573801365,0.320544301815785,0.307790119625062
"DNA_dreid_irrigated_rep3_R1",0.252030383368915,0.100098119853497,0,0.0913875975274348,0.196769752403237,0.208848553337625,0.177761065129695,0.15276479860413,0.302174665281455,0.273412734949481,0.268622509608132,0.272673816557523,0.279154349453864,0.274293977752847,0.283663984746218,0.277637310938868,0.30808577702256,0.274827172485083,0.262576301108824,0.25222414782523,0.262751076188485,0.265589949100051,0.288901911801334,0.262832902161656,0.28076410838945,0.251050816807502,0.272284981632083,0.250105169871682,0.230678395218291,0.236391331472356,0.237341447699209,0.253381892835908,0.22301232879047,0.231978553587571,0.242399409152505,0.279949992382757,0.245442970278449,0.255573474456204,0.221411674989165,0.232543579180486,0.3599121415854,0.345938867823626,0.363506972035985,0.358780455769299,0.326194587747158,0.272648489620693,0.328663363618462,0.363029964880615,0.320607046170584,0.292812375693373,0.261639531408115,0.292496259907172,0.308581766717927,0.326622685033154,0.318336284054285,0.305854908321947,0.294211454499915
"DNA_dreid_irrigated_rep4_R1",0.249351376199615,0.0880449548809746,0.0913875975274348,0,0.193558683726774,0.211743631348151,0.172176603941167,0.14869679626254,0.281813946799521,0.245343868775276,0.252184408653887,0.242095730113177,0.25015934287399,0.25433462678785,0.25943342289798,0.258225242125957,0.28921577545998,0.246322032281311,0.239764130228513,0.221294519937676,0.23725205456796,0.2436659190562,0.266239306488331,0.240045613626328,0.276344969935936,0.252694664959594,0.266394602493702,0.230966920529909,0.225685936226259,0.226289558273758,0.218344558464318,0.249812021255975,0.220558411085598,0.206915573325365,0.228216451628364,0.251050676945974,0.244154476855762,0.260194516580943,0.210457168918666,0.231807397324489,0.336651182288831,0.319904499182826,0.341610070496499,0.341428081009367,0.300002629531051,0.243462955501247,0.309164805501648,0.337515522217021,0.296460995052054,0.272999313920799,0.25118155020503,0.283674913224505,0.291574463069386,0.312272768277369,0.302371480170756,0.290340450718959,0.278592295747024
"DNA_dried_rainfed_rep1_R1",0.163367182463802,0.210273058496812,0.196769752403237,0.193558683726774,0,0.0919641325372798,0.106851207828798,0.111421022259017,0.281776693705345,0.292494965166379,0.294460920062208,0.286376173586621,0.241365027254302,0.262320308404576,0.26310709509467,0.293505610638966,0.263711512171211,0.281091905225694,0.276671350361909,0.244984596160518,0.192667047883542,0.229569499597377,0.247685415322378,0.249467555980559,0.320703249036097,0.334963021157053,0.344230274720395,0.335262857772186,0.246248356036163,0.273110257546434,0.28971740612256,0.306934913412152,0.196971468015697,0.297081440315424,0.315601485783106,0.324038123540316,0.208117996411683,0.222111301105815,0.198793650766854,0.224119634662769,0.382788936926493,0.345676670105035,0.380296986951681,0.381230414637108,0.329791643637903,0.295649175935939,0.346827098836138,0.374122894098706,0.326546430012087,0.335864380151938,0.360772479574988,0.3754168095636,0.379560390009454,0.352341345633463,0.354372749797227,0.350221595934752,0.35445685186608
"DNA_dried_rainfed_rep2_R1",0.135446715452244,0.2237523120927,0.208848553337625,0.211743631348151,0.0919641325372798,0,0.0972907770236093,0.110751878353959,0.260933436938005,0.279976658693571,0.282629320790725,0.275923575589132,0.255568570963569,0.23191453761813,0.239448275618487,0.271991812272261,0.242981768216265,0.271436968782304,0.257987620530128,0.235953869628304,0.238118860318079,0.204977965015982,0.238920740585495,0.241936496630533,0.30374067662268,0.328784472085172,0.33575813713381,0.329230730525814,0.289799760978481,0.263128358943277,0.285390527018943,0.306289520133507,0.196499357665525,0.317602116993754,0.328830231530431,0.340883137404618,0.23411717327947,0.225638847738958,0.210270925619956,0.234050863587974,0.402475703883921,0.379242392105065,0.39474484690555,0.397873312478678,0.334689113995886,0.314317429103905,0.362600090833423,0.385751617163854,0.340499986907398,0.346732294181237,0.377108800014229,0.393243216727431,0.398757466098453,0.387905984619716,0.375106491378785,0.373326130331076,0.37211968219695
"DNA_dried_rainfed_rep3_R1",0.128925338726227,0.178177307832,0.177761065129695,0.172176603941167,0.106851207828798,0.0972907770236093,0,0.0754207412032149,0.24989219304039,0.251900529982275,0.254940933680879,0.247732614178499,0.222934728181358,0.225398990617321,0.221702599652762,0.245562853555583,0.228765234033081,0.22781530847519,0.2239200958981,0.193571527051961,0.195212804538842,0.179081381499891,0.204126028064117,0.188630425762161,0.282129533024343,0.30119100723435,0.307298489284828,0.297233426182343,0.256142099275441,0.231970478493434,0.243222765894699,0.276074811896308,0.215043681303627,0.288013627090317,0.308939492576768,0.314367734714659,0.252631335127299,0.252599287633141,0.216817906374776,0.244094865538596,0.384295408527228,0.357180174148255,0.379198363546841,0.37674103899046,0.317665030111641,0.282955061232887,0.340542384643978,0.364815646693098,0.323270471570097,0.322547277657284,0.351882692477342,0.374989365665982,0.381419037549709,0.372282751772753,0.35960862683766,0.353979279412488,0.351644943940218
"DNA_dried_rainfed_rep4_R1",0.174813249663691,0.15378434422334,0.15276479860413,0.14869679626254,0.111421022259017,0.110751878353959,0.0754207412032149,0,0.282388504023233,0.256952305436866,0.262666148892964,0.256918142102542,0.248240170119342,0.254143071738719,0.250100056164027,0.259241910217281,0.272273448686698,0.238790110267231,0.232466721010946,0.22382054906144,0.23147771110394,0.225707160131199,0.250052624834524,0.214222175215566,0.288376424454436,0.291288703346742,0.301749985292281,0.286846502057935,0.241449666381963,0.231620137116231,0.237292896179961,0.264918573351723,0.205446397932248,0.275149669432232,0.292077806505275,0.30833146201125,0.239601332110312,0.236839544830145,0.208735697587297,0.225580964681633,0.382173639947018,0.360077774143107,0.379706404511201,0.373500613071132,0.328147777614688,0.281152523997123,0.342043393203292,0.366732701775511,0.326409526083724,0.313666115211972,0.329618132404788,0.354671725121238,0.363626060032209,0.359668459987375,0.343991837217171,0.337742830525477,0.329575958065073
"DNA_fresh_irrigated_rep1_R1",0.219047043501431,0.296542060649463,0.302174665281455,0.281813946799521,0.281776693705345,0.260933436938005,0.24989219304039,0.282388504023233,0,0.165357279533156,0.169767191154538,0.161880073343415,0.159521144710309,0.110200425986336,0.120365855865798,0.160344751139949,0.12240390283812,0.230001649650421,0.20679788487025,0.185548504361731,0.203252862808818,0.157102753245964,0.18351249488653,0.203593919311231,0.27803279921031,0.35023279367165,0.347237277804597,0.335345736901456,0.31761412027302,0.276448223627166,0.293070293106414,0.335086249825818,0.315915187403964,0.343997477893114,0.368635580113056,0.346292304169992,0.357480127888238,0.378116398489128,0.320319179071689,0.357277917416055,0.319179095160107,0.286735950199038,0.309008841685821,0.31619835788151,0.211909345176608,0.274475090188589,0.305346397707673,0.314669602815919,0.278286940853354,0.326411382631394,0.395765508996073,0.415329836641851,0.413549765175875,0.406790175982457,0.390588121231906,0.386304144005816,0.39185199384713
"DNA_fresh_irrigated_rep2_R1",0.273525179924122,0.253095495822653,0.273412734949481,0.245343868775276,0.292494965166379,0.279976658693571,0.251900529982275,0.256952305436866,0.165357279533156,0,0.0795674876314042,0.0731201657824262,0.119438907506036,0.128656030324484,0.111652238536455,0.0818438543692073,0.205860435414353,0.16344584571486,0.158265267525106,0.147774083374956,0.213643533036618,0.188380936262389,0.19131810403361,0.171979545436622,0.2751619092889,0.311346361580121,0.307951112395166,0.287135073318391,0.291673640114191,0.260768749571682,0.257190284131719,0.301069129952144,0.315069324584884,0.309549449660781,0.338771910942597,0.321167744105936,0.340924283232735,0.352984629721991,0.303900391504644,0.330263142127148,0.265773838982786,0.25007145820059,0.27891821614956,0.266039480127722,0.232531063764678,0.219537880877755,0.258787841081105,0.277427537460131,0.261679272797052,0.300824653905482,0.349677904256279,0.372580634840884,0.37168389070413,0.376244671654305,0.359634528661413,0.352717947381605,0.354385325398029
"DNA_fresh_irrigated_rep3_R1",0.277792760105335,0.265205910328706,0.268622509608132,0.252184408653887,0.294460920062208,0.282629320790725,0.254940933680879,0.262666148892964,0.169767191154538,0.0795674876314042,0,0.0714689777069989,0.119821270653341,0.124257113797183,0.122663934197562,0.0848557020927896,0.208753661933603,0.188997246824403,0.163002085053947,0.160515792468308,0.217887628346148,0.189223860142192,0.199660966539527,0.179270679404561,0.270892267162243,0.310431214985561,0.301316375704519,0.285875351695454,0.284842849856662,0.25145897822033,0.256800013363279,0.29466706949691,0.312191380370001,0.31518611327571,0.334373071980806,0.322484643644248,0.335232369557515,0.349397513073837,0.301215390888884,0.329571229778925,0.252818123731434,0.243941977207099,0.267672554725307,0.250894718772184,0.231048419424047,0.228312654379931,0.254058959934309,0.28054563349058,0.256827766634298,0.294991352349783,0.344075802909827,0.364025064174475,0.36586734537359,0.368893101550796,0.352667276044574,0.350292966199579,0.34962413558808
"DNA_fresh_irrigated_rep4_R1",0.270609074520304,0.260534426178408,0.272673816557523,0.242095730113177,0.286376173586621,0.275923575589132,0.247732614178499,0.256918142102542,0.161880073343415,0.0731201657824262,0.0714689777069989,0,0.0998774257977729,0.116050602505767,0.104379610906107,0.0817821333242433,0.202934135161115,0.180246965974317,0.158558483094465,0.141631730527563,0.207397672613143,0.182102843435655,0.191029779324745,0.175633484566491,0.277808332480221,0.314018970677499,0.308038348472744,0.285606443845571,0.287210733728556,0.258978330714827,0.25861453780681,0.300394328475467,0.316253667840822,0.312057848500899,0.335313940978443,0.318320424463687,0.338122049393473,0.35201748595681,0.301896235588839,0.33089264494338,0.252355982398866,0.240642312341647,0.26867639971661,0.258650678723535,0.228427580675624,0.224012057296845,0.258658093195609,0.274462783056248,0.25493885445478,0.301819684015221,0.344720321176798,0.369606387664595,0.366471537961421,0.368130085371181,0.354572977052773,0.348938083488832,0.349666402246312
"DNA_fresh_rainfed_rep1_R1",0.247165261107342,0.262418788956995,0.279154349453864,0.25015934287399,0.241365027254302,0.255568570963569,0.222934728181358,0.248240170119342,0.159521144710309,0.119438907506036,0.119821270653341,0.0998774257977729,0,0.121341162012963,0.112601834327121,0.115053475149005,0.184288466780915,0.184528644329059,0.176704614077504,0.148056127625864,0.153367494821719,0.157473384798526,0.167075618081483,0.161527432215147,0.289772222750272,0.326435238534463,0.324113921231849,0.306808578359498,0.275113291154276,0.262859421256944,0.267010857746392,0.309607466143006,0.318057813749691,0.323138785933754,0.353629045973114,0.331709553817253,0.331737553136336,0.357588872134016,0.303135349714398,0.3396966855783,0.283663959805767,0.243039088257173,0.29511334075856,0.280716262795137,0.239102977584318,0.239595618690043,0.281202516481537,0.29359488446363,0.265120584509504,0.316879296436479,0.364227748011086,0.391195193382274,0.387188018343752,0.371817809187015,0.366613655846823,0.361070622652983,0.365286451425584
"DNA_fresh_rainfed_rep2_R1",0.226087356964746,0.273576714385669,0.274293977752847,0.25433462678785,0.262320308404576,0.23191453761813,0.225398990617321,0.254143071738719,0.110200425986336,0.128656030324484,0.124257113797183,0.116050602505767,0.121341162012963,0,0.0847299049081338,0.111196669570895,0.163003811900327,0.213007876947202,0.183917389201785,0.164665561592782,0.198121305642047,0.139768815761197,0.165831026610408,0.181336680815943,0.274749525071321,0.329569854450476,0.322169948227596,0.311892286507798,0.304444884054539,0.252602830126749,0.272660147899765,0.313052565329265,0.298965497904569,0.318901018484416,0.337362917720854,0.323606954761624,0.329995420806911,0.33998478959415,0.290085009843051,0.325398324386825,0.281540535428793,0.259761088557117,0.265528821232403,0.276108682685674,0.2181991713954,0.244731523016742,0.274190679441332,0.290831409706164,0.252176865800762,0.302598871441927,0.36284778940055,0.380979703644459,0.379574807260795,0.378616477460051,0.35623320152239,0.35429149363444,0.359636437093669
"DNA_fresh_rainfed_rep3_R1",0.229186667688184,0.279198591155458,0.283663984746218,0.25943342289798,0.26310709509467,0.239448275618487,0.221702599652762,0.250100056164027,0.120365855865798,0.111652238536455,0.122663934197562,0.104379610906107,0.112601834327121,0.0847299049081338,0,0.0916549773590357,0.162134921554955,0.19528145813456,0.172939924005668,0.148766011244527,0.18698344861836,0.148388767202544,0.149591273954688,0.167472390407686,0.281363346477555,0.334155959320133,0.324996818320336,0.314879059963737,0.308237785212249,0.265886944573203,0.2725109204443,0.315570633500479,0.312007688301197,0.321362906122528,0.344129724742344,0.328249151522963,0.339696750150836,0.352235307553814,0.296928922201318,0.333411276928356,0.286651731271459,0.258573640147518,0.276731914173428,0.277742254318124,0.21560549347943,0.238960160947617,0.270987434458702,0.280769039262845,0.250348181072966,0.308947400199816,0.367375771567991,0.387672086486641,0.383605072421681,0.382341424650485,0.36472592619692,0.359098732759283,0.365668760601068
"DNA_fresh_rainfed_rep4_R1",0.268545374773266,0.27069071906983,0.277637310938868,0.258225242125957,0.293505610638966,0.271991812272261,0.245562853555583,0.259241910217281,0.160344751139949,0.0818438543692073,0.0848557020927896,0.0817821333242433,0.115053475149005,0.111196669570895,0.0916549773590357,0,0.195123056424815,0.18941850832204,0.169042428979065,0.157069577004032,0.211054785736179,0.176786250333174,0.175643623610552,0.164924956281473,0.269116389514541,0.313137154163879,0.303272280379978,0.293967602059311,0.297478611104378,0.254229695049277,0.25694146737845,0.294488084583489,0.31435537029997,0.317280821804873,0.34066687663244,0.326408450593733,0.342198923184921,0.352290474205606,0.299564310899046,0.328928948874781,0.263295471002615,0.245546086884884,0.269208370858705,0.249903742393158,0.225738730401432,0.223527665453439,0.25427528767018,0.275526747657264,0.253879576306696,0.299910079981827,0.350944497563715,0.369963891059438,0.37203045054313,0.379044941456705,0.358925258217409,0.351396021732434,0.353206814250332
"DNA_incubated_irrigated_rep1_R1",0.179796978293076,0.299291944499271,0.30808577702256,0.28921577545998,0.263711512171211,0.242981768216265,0.228765234033081,0.272273448686698,0.12240390283812,0.205860435414353,0.208753661933603,0.202934135161115,0.184288466780915,0.163003811900327,0.162134921554955,0.195123056424815,0,0.197551247774533,0.176653088686646,0.157053209439249,0.167431640434225,0.121370095767028,0.135979469737785,0.162974668575137,0.262348569685675,0.341199968947871,0.338705193155115,0.322371042045535,0.306007393899892,0.265698813476516,0.27551109329111,0.325232691211545,0.32557738111212,0.359225718433,0.385650553487218,0.366833327889876,0.368563224382087,0.388590213638157,0.32970828469924,0.36634373654069,0.364904987106151,0.331965218567022,0.354215832130154,0.357445155386783,0.220445321151185,0.270175718664038,0.294509823140666,0.322227379242963,0.286662002667922,0.324153750705779,0.406904607066038,0.413158018582731,0.420692601277627,0.415463163228192,0.399263717032555,0.390219237753184,0.399200862728344
"DNA_incubated_irrigated_rep2_R1",0.261459922422114,0.233403024118146,0.274827172485083,0.246322032281311,0.281091905225694,0.271436968782304,0.22781530847519,0.238790110267231,0.230001649650421,0.16344584571486,0.188997246824403,0.180246965974317,0.184528644329059,0.213007876947202,0.19528145813456,0.18941850832204,0.197551247774533,0,0.0933045499040569,0.121656800302123,0.189811859114174,0.179679947916542,0.165175457197441,0.116367674648249,0.236782776443541,0.267901286338113,0.272254136456226,0.24984353520972,0.257969124487401,0.237870471030867,0.2297460601378,0.270404858462217,0.343290151898056,0.335344086452454,0.368315381589284,0.355880484092944,0.37192661481255,0.388179059110884,0.334475107039125,0.35859165104791,0.36350358060993,0.342755027695905,0.365786709158017,0.363081200716092,0.29668579048887,0.241384363430861,0.291886261539278,0.330305303659831,0.311348005163063,0.330926821870759,0.362766055244885,0.387111390367279,0.397119797705969,0.399535735642185,0.387781661240013,0.376310508874454,0.37214253014217
"DNA_incubated_irrigated_rep3_R1",0.252115969859627,0.245813385933344,0.262576301108824,0.239764130228513,0.276671350361909,0.257987620530128,0.2239200958981,0.232466721010946,0.20679788487025,0.158265267525106,0.163002085053947,0.158558483094465,0.176704614077504,0.183917389201785,0.172939924005668,0.169042428979065,0.176653088686646,0.0933045499040569,0,0.10278297043805,0.185849368385417,0.161664808036536,0.160403186444241,0.116829215174043,0.231096180591234,0.270123172544897,0.256060838903076,0.241741578697768,0.254725080472883,0.219787890102713,0.218841002646679,0.259261445775916,0.324524204001443,0.321339211705584,0.342690733481513,0.335096690458349,0.355370167577498,0.370063573405734,0.315785347948841,0.341337317561725,0.344319234786846,0.327399947120975,0.341479850262393,0.343132238249082,0.271324326973692,0.232115069955086,0.264548141343674,0.310863804585759,0.287467983848015,0.307073653145049,0.348858929792844,0.366077954352469,0.378127482571571,0.382154044478686,0.367266876268095,0.358658339984348,0.353610143725532
"DNA_incubated_irrigated_rep4_R1",0.221711078930642,0.238742848150147,0.25222414782523,0.221294519937676,0.244984596160518,0.235953869628304,0.193571527051961,0.22382054906144,0.185548504361731,0.147774083374956,0.160515792468308,0.141631730527563,0.148056127625864,0.164665561592782,0.148766011244527,0.157069577004032,0.157053209439249,0.121656800302123,0.10278297043805,0,0.137963047803344,0.125131001036743,0.123277591710843,0.114400400302411,0.258858133217517,0.291636603219407,0.28512090116584,0.261534858620863,0.270743102229029,0.232879835853575,0.238071201740611,0.276996119711735,0.30851326477917,0.302187656585537,0.328059370183505,0.313103634369632,0.335812836377674,0.353902052196106,0.294471543049879,0.321620430281812,0.326852116657661,0.309350240924976,0.327698405385797,0.329336606196636,0.250754599143159,0.213704549198546,0.261100098374453,0.289708439409346,0.270226112750802,0.296157250208936,0.341299773573637,0.361957141724809,0.366225755412724,0.370233200527065,0.353729860459338,0.344717532463404,0.34094202025202
"DNA_incubated_rainfed_rep1_R1",0.213724699582859,0.254995941069248,0.262751076188485,0.23725205456796,0.192667047883542,0.238118860318079,0.195212804538842,0.23147771110394,0.203252862808818,0.213643533036618,0.217887628346148,0.207397672613143,0.153367494821719,0.198121305642047,0.18698344861836,0.211054785736179,0.167431640434225,0.189811859114174,0.185849368385417,0.137963047803344,0,0.116972398895918,0.127703008035982,0.142016466757527,0.281590479076308,0.318256161532005,0.319199319677009,0.304774770930449,0.244511818060323,0.249703726317386,0.255963297314573,0.295001148510292,0.304997129266918,0.315566054375447,0.343990196167195,0.328646896389244,0.316536712118646,0.352138534383081,0.290201388603051,0.328873886183728,0.350435972660912,0.303242823484171,0.34601460773302,0.346604042313848,0.259228436219867,0.246450291314786,0.289503680321828,0.314603637248145,0.279016398567191,0.309053890606313,0.363038196107672,0.383595157197881,0.386657170048825,0.363308759913178,0.363504782268134,0.356505238443937,0.358105891065718
"DNA_incubated_rainfed_rep2_R1",0.18033291379007,0.257340344556557,0.265589949100051,0.2436659190562,0.229569499597377,0.204977965015982,0.179081381499891,0.225707160131199,0.157102753245964,0.188380936262389,0.189223860142192,0.182102843435655,0.157473384798526,0.139768815761197,0.148388767202544,0.176786250333174,0.121370095767028,0.179679947916542,0.161664808036536,0.125131001036743,0.116972398895918,0,0.11076016960294,0.125841828060131,0.263810175319522,0.314482302255012,0.312211747586776,0.295173835646339,0.279681722528699,0.230341892997739,0.246834350113535,0.295113603422154,0.301152249091649,0.322474914594446,0.344825347970257,0.331278519669025,0.336895077679095,0.3538008039091,0.295735303284448,0.33144792015917,0.356088423781165,0.324175213328571,0.339074905401492,0.348537167865687,0.243887783234718,0.256701040493572,0.290426162239923,0.314686352302957,0.2720133527745,0.311180654517588,0.370228074131644,0.391404294108235,0.395516117107203,0.389551569292764,0.37032095346765,0.366905478860858,0.367605167393681
"DNA_incubated_rainfed_rep3_R1",0.199450790942118,0.28377026404759,0.288901911801334,0.266239306488331,0.247685415322378,0.238920740585495,0.204126028064117,0.250052624834524,0.18351249488653,0.19131810403361,0.199660966539527,0.191029779324745,0.167075618081483,0.165831026610408,0.149591273954688,0.175643623610552,0.135979469737785,0.165175457197441,0.160403186444241,0.123277591710843,0.127703008035982,0.11076016960294,0,0.104812190159401,0.272780211387993,0.322035306447373,0.318846327138009,0.309803874715465,0.293349603845011,0.254080570706525,0.255343647835051,0.301711093925453,0.313089617575353,0.345781497994625,0.371127244663472,0.355047592599856,0.343822717791491,0.361477623544049,0.303118678917031,0.339864930337336,0.352235919711869,0.319513815529255,0.336344142954208,0.341227578432505,0.253586169524232,0.252918546261298,0.276893164995679,0.307706570706675,0.275885639584153,0.308892005392076,0.385069791408068,0.391750870593123,0.3977143881486,0.395521324288934,0.376307697697311,0.357546172775329,0.375935070795459
"DNA_incubated_rainfed_rep4_R1",0.232791762896685,0.244499748307313,0.262832902161656,0.240045613626328,0.249467555980559,0.241936496630533,0.188630425762161,0.214222175215566,0.203593919311231,0.171979545436622,0.179270679404561,0.175633484566491,0.161527432215147,0.181336680815943,0.167472390407686,0.164924956281473,0.162974668575137,0.116367674648249,0.116829215174043,0.114400400302411,0.142016466757527,0.125841828060131,0.104812190159401,0,0.241072134782104,0.282865344159063,0.28339179325897,0.265864571503348,0.24748149091805,0.214407295119034,0.213610864427417,0.25740363478618,0.316905106976214,0.328419253948852,0.354205572329501,0.342427962332336,0.34863378990089,0.36477320947172,0.303861526230238,0.334625458303565,0.353793767769155,0.326612146487547,0.347913914911025,0.343789727733349,0.266395729428023,0.240719969427775,0.277652718413844,0.312676938212107,0.284996165629846,0.310831829835298,0.365992627085992,0.382693737836833,0.392289361499753,0.389054873411967,0.373362091116801,0.366810604363881,0.362120105043103
"DNA_reincubated_irrigated_rep1_R1",0.299136671423528,0.276048770070508,0.28076410838945,0.276344969935936,0.320703249036097,0.30374067662268,0.282129533024343,0.288376424454436,0.27803279921031,0.2751619092889,0.270892267162243,0.277808332480221,0.289772222750272,0.274749525071321,0.281363346477555,0.269116389514541,0.262348569685675,0.236782776443541,0.231096180591234,0.258858133217517,0.281590479076308,0.263810175319522,0.272780211387993,0.241072134782104,0,0.14980580797871,0.160520809666953,0.150275063177485,0.171528688545151,0.125889712477375,0.124023900396206,0.147219447969242,0.306691544729783,0.329385856132847,0.346018276454295,0.345206238261613,0.345860968196336,0.348688995694124,0.316673637373742,0.333388799460867,0.366329231130707,0.352822398100424,0.363107287220561,0.359710831936955,0.312523167757607,0.297772971634508,0.323506062214994,0.35167956760532,0.32222827339116,0.236497863687779,0.300710165641936,0.320314646286336,0.34131071098547,0.353437453785474,0.328457204446997,0.314833437976963,0.298567663673125
"DNA_reincubated_irrigated_rep2_R1",0.358277426416415,0.250204046672997,0.251050816807502,0.252694664959594,0.334963021157053,0.328784472085172,0.30119100723435,0.291288703346742,0.35023279367165,0.311346361580121,0.310431214985561,0.314018970677499,0.326435238534463,0.329569854450476,0.334155959320133,0.313137154163879,0.341199968947871,0.267901286338113,0.270123172544897,0.291636603219407,0.318256161532005,0.314482302255012,0.322035306447373,0.282865344159063,0.14980580797871,0,0.113561148739278,0.105297137607633,0.167957421885983,0.1585204286208,0.144761905044147,0.11502453184809,0.316618776220045,0.305236337218306,0.312792377645286,0.332158885231246,0.341255297427219,0.333321668569713,0.323426315026433,0.320991908485703,0.371832405906042,0.382089586466206,0.377932846228985,0.372513981773828,0.367359770275776,0.311106165242704,0.348217392704175,0.375966702103517,0.361573017627247,0.253511474355449,0.228793613162504,0.261209270368244,0.293594202480525,0.331708803374708,0.316705997098707,0.294689488097754,0.260688037639497
"DNA_reincubated_irrigated_rep3_R1",0.360075005067185,0.270079661912812,0.272284981632083,0.266394602493702,0.344230274720395,0.33575813713381,0.307298489284828,0.301749985292281,0.347237277804597,0.307951112395166,0.301316375704519,0.308038348472744,0.324113921231849,0.322169948227596,0.324996818320336,0.303272280379978,0.338705193155115,0.272254136456226,0.256060838903076,0.28512090116584,0.319199319677009,0.312211747586776,0.318846327138009,0.28339179325897,0.160520809666953,0.113561148739278,0,0.0984473776751506,0.195936612982003,0.170750116431717,0.153954379810651,0.143922645986472,0.328194587489648,0.310619133197147,0.324007323732001,0.333733593351137,0.348560248293077,0.347139729744913,0.329072474887348,0.331017105539153,0.368568577867546,0.368840247588927,0.374194421762185,0.366758587755959,0.352120283629048,0.303789947782544,0.330831902047099,0.361187317903865,0.346462147625904,0.249699100451761,0.248798069742245,0.269262389614654,0.300016382907303,0.334873897028978,0.314673106523779,0.295349171821976,0.269074576547686
"DNA_reincubated_irrigated_rep4_R1",0.355325866090328,0.238852455279642,0.250105169871682,0.230966920529909,0.335262857772186,0.329230730525814,0.297233426182343,0.286846502057935,0.335345736901456,0.287135073318391,0.285875351695454,0.285606443845571,0.306808578359498,0.311892286507798,0.314879059963737,0.293967602059311,0.322371042045535,0.24984353520972,0.241741578697768,0.261534858620863,0.304774770930449,0.295173835646339,0.309803874715465,0.265864571503348,0.150275063177485,0.105297137607633,0.0984473776751506,0,0.175651790695183,0.156238733061367,0.131911384119894,0.138351212906098,0.313909334700165,0.280645286778104,0.298821406892783,0.306537331821827,0.329699965437239,0.330267754214992,0.308317843243032,0.30918193838387,0.348364553229382,0.349347796379919,0.355452263331115,0.349884059263726,0.329324138906166,0.28114600574086,0.314236369368271,0.339459682920028,0.326377996715458,0.230964341777258,0.226833440210098,0.252926331865555,0.273134988784601,0.318023918862988,0.298964948746742,0.275851073967561,0.254565215115308
"DNA_reincubated_rainfed_rep1_R1",0.318704757728895,0.229230402672772,0.230678395218291,0.225685936226259,0.246248356036163,0.289799760978481,0.256142099275441,0.241449666381963,0.31761412027302,0.291673640114191,0.284842849856662,0.287210733728556,0.275113291154276,0.304444884054539,0.308237785212249,0.297478611104378,0.306007393899892,0.257969124487401,0.254725080472883,0.270743102229029,0.244511818060323,0.279681722528699,0.293349603845011,0.24748149091805,0.171528688545151,0.167957421885983,0.195936612982003,0.175651790695183,0,0.114474214932731,0.123937397054092,0.123438148750215,0.286661104649477,0.289742180964048,0.309699497501533,0.31407415983283,0.288464125776676,0.310453204501138,0.273733477404129,0.29350782077633,0.365169649646186,0.339913213806629,0.364661673462859,0.362803931920797,0.325238827355019,0.279319489027759,0.315918953341964,0.356600935577131,0.317240663537356,0.268391770470849,0.274205838095681,0.302400455001933,0.319496934438006,0.298370461571718,0.302295822552935,0.289440653604632,0.271074472874466
"DNA_reincubated_rainfed_rep2_R1",0.284769565082923,0.23450937685066,0.236391331472356,0.226289558273758,0.273110257546434,0.263128358943277,0.231970478493434,0.231620137116231,0.276448223627166,0.260768749571682,0.25145897822033,0.258978330714827,0.262859421256944,0.252602830126749,0.265886944573203,0.254229695049277,0.265698813476516,0.237870471030867,0.219787890102713,0.232879835853575,0.249703726317386,0.230341892997739,0.254080570706525,0.214407295119034,0.125889712477375,0.1585204286208,0.170750116431717,0.156238733061367,0.114474214932731,0,0.0913936432321125,0.108064289352767,0.269500152082694,0.285604634846693,0.303376625537793,0.306897667909145,0.298638840695302,0.301537389839974,0.266102249828984,0.287528567049195,0.352410297424309,0.33632190788844,0.346412329104099,0.346431043429473,0.295996837543131,0.268263442429509,0.299990787081573,0.333068795092803,0.29766300262632,0.240487799972284,0.277964658920906,0.302007690573147,0.319950172063899,0.317858039644851,0.292975646349597,0.289299431521041,0.27062509770921
"DNA_reincubated_rainfed_rep3_R1",0.3037868435127,0.224005441034533,0.237341447699209,0.218344558464318,0.28971740612256,0.285390527018943,0.243222765894699,0.237292896179961,0.293070293106414,0.257190284131719,0.256800013363279,0.25861453780681,0.267010857746392,0.272660147899765,0.2725109204443,0.25694146737845,0.27551109329111,0.2297460601378,0.218841002646679,0.238071201740611,0.255963297314573,0.246834350113535,0.255343647835051,0.213610864427417,0.124023900396206,0.144761905044147,0.153954379810651,0.131911384119894,0.123937397054092,0.0913936432321125,0,0.102689690657209,0.297637215372637,0.297677049705066,0.317668707922241,0.318876850069946,0.317920458072435,0.325291028642162,0.285225703829595,0.305012090021391,0.36294300794085,0.34276685088799,0.360252583236817,0.355835616683018,0.303545048350233,0.271739557641338,0.304815640279459,0.337688267981487,0.306980021567022,0.239961547929223,0.271585770145133,0.297168780697747,0.317337416194525,0.323783790090707,0.301830002395308,0.281768827301598,0.263494077841272
"DNA_reincubated_rainfed_rep4_R1",0.341542535851966,0.254239510422486,0.253381892835908,0.249812021255975,0.306934913412152,0.306289520133507,0.276074811896308,0.264918573351723,0.335086249825818,0.301069129952144,0.29466706949691,0.300394328475467,0.309607466143006,0.313052565329265,0.315570633500479,0.294488084583489,0.325232691211545,0.270404858462217,0.259261445775916,0.276996119711735,0.295001148510292,0.295113603422154,0.301711093925453,0.25740363478618,0.147219447969242,0.11502453184809,0.143922645986472,0.138351212906098,0.123438148750215,0.108064289352767,0.102689690657209,0,0.293041899280338,0.303588383518099,0.311007303717669,0.325879068310917,0.316218017182955,0.313263401832175,0.291903823226472,0.296593580046262,0.364182642884448,0.360592330226566,0.365083705498663,0.357511752009424,0.337791160080544,0.295309253469954,0.322610790993397,0.349553752365122,0.333330782973876,0.246601034947236,0.253017066676469,0.276591506317401,0.301384899369307,0.316266995013998,0.297471170841463,0.275651857662455,0.245507162152379
"RNA_dreid_irrigated_rep1_R1",0.237357022298636,0.250079782983032,0.22301232879047,0.220558411085598,0.196971468015697,0.196499357665525,0.215043681303627,0.205446397932248,0.315915187403964,0.315069324584884,0.312191380370001,0.316253667840822,0.318057813749691,0.298965497904569,0.312007688301197,0.31435537029997,0.32557738111212,0.343290151898056,0.324524204001443,0.30851326477917,0.304997129266918,0.301152249091649,0.313089617575353,0.316905106976214,0.306691544729783,0.316618776220045,0.328194587489648,0.313909334700165,0.286661104649477,0.269500152082694,0.297637215372637,0.293041899280338,0,0.229396209119087,0.239971653456008,0.247087093157212,0.123814493590931,0.104297560630403,0.117275325556608,0.128113582929468,0.319015569258817,0.296099596990121,0.30462454465851,0.310238261941085,0.292818372031133,0.273638842645306,0.302169013653136,0.3299223088181,0.274162496149848,0.251841419502214,0.290407629789576,0.301169708340884,0.308365330193987,0.296400379648209,0.281243585013222,0.270222887954394,0.285643216322578
"RNA_dreid_irrigated_rep2_R1",0.342373871602824,0.230339179551109,0.231978553587571,0.206915573325365,0.297081440315424,0.317602116993754,0.288013627090317,0.275149669432232,0.343997477893114,0.309549449660781,0.31518611327571,0.312057848500899,0.323138785933754,0.318901018484416,0.321362906122528,0.317280821804873,0.359225718433,0.335344086452454,0.321339211705584,0.302187656585537,0.315566054375447,0.322474914594446,0.345781497994625,0.328419253948852,0.329385856132847,0.305236337218306,0.310619133197147,0.280645286778104,0.289742180964048,0.285604634846693,0.297677049705066,0.303588383518099,0.229396209119087,0,0.0944114052306347,0.0888828396956775,0.194479131907372,0.238159764251099,0.165467659790465,0.150520208044085,0.259960164273055,0.234383384069866,0.248266204733047,0.284820602736617,0.276639510095769,0.175332370703576,0.242213894773507,0.267421697989158,0.205572426258392,0.230658916203286,0.167598088152188,0.169339154179049,0.155223520544535,0.198923498453226,0.16353425904087,0.164530817460515,0.168015180643141
"RNA_dreid_irrigated_rep3_R1",0.362424833752456,0.259183446258516,0.242399409152505,0.228216451628364,0.315601485783106,0.328830231530431,0.308939492576768,0.292077806505275,0.368635580113056,0.338771910942597,0.334373071980806,0.335313940978443,0.353629045973114,0.337362917720854,0.344129724742344,0.34066687663244,0.385650553487218,0.368315381589284,0.342690733481513,0.328059370183505,0.343990196167195,0.344825347970257,0.371127244663472,0.354205572329501,0.346018276454295,0.312792377645286,0.324007323732001,0.298821406892783,0.309699497501533,0.303376625537793,0.317668707922241,0.311007303717669,0.239971653456008,0.0944114052306347,0,0.0918760101668546,0.200658487883433,0.237418541984698,0.182590272521295,0.155346091860951,0.270902700357273,0.26452605574519,0.258147030342661,0.298421855276944,0.305629218773733,0.220503223759473,0.269948445142026,0.301953535423249,0.231529353206289,0.236748483616438,0.179646786101487,0.156027054813415,0.161474286171488,0.180268593814525,0.149812059964688,0.157338467521149,0.145617729741236
"RNA_dreid_irrigated_rep4_R1",0.358754766157924,0.286184544762746,0.279949992382757,0.251050676945974,0.324038123540316,0.340883137404618,0.314367734714659,0.30833146201125,0.346292304169992,0.321167744105936,0.322484643644248,0.318320424463687,0.331709553817253,0.323606954761624,0.328249151522963,0.326408450593733,0.366833327889876,0.355880484092944,0.335096690458349,0.313103634369632,0.328646896389244,0.331278519669025,0.355047592599856,0.342427962332336,0.345206238261613,0.332158885231246,0.333733593351137,0.306537331821827,0.31407415983283,0.306897667909145,0.318876850069946,0.325879068310917,0.247087093157212,0.0888828396956775,0.0918760101668546,0,0.205604526932161,0.254668880489833,0.186500474093791,0.169502997950143,0.241489666827928,0.229634650000419,0.229025600166567,0.271863575707141,0.275801655494206,0.188318389462464,0.227756711131674,0.24778659716728,0.190162985235924,0.233509896473713,0.197831275132367,0.180351239177123,0.146724791942484,0.196926059997741,0.139860007356687,0.158393731462673,0.166106048861259
